{"cells":[{"cell_type":"markdown","metadata":{"id":"43ea52b3-24cb-4c74-b695-017c8c07a3ac"},"source":["<h2>Table of Contents</h2>\n","\n","<div class=\"alert alert-block alert-info\" style=\"margin-top: 20px\">\n","<ol>\n","    <li><a href=\"#import_data\">Import Data from Module</a></li>\n","    <li><a href=\"#pattern_visualization\">Analyzing Individual Feature Patterns using Visualization</a></li>\n","    <li><a href=\"#discriptive_statistics\">Descriptive Statistical Analysis</a></li>\n","    <li><a href=\"#basic_grouping\">Basics of Grouping</a></li>\n","    <li><a href=\"#correlation_causation\">Correlation and Causation</a></li>\n","</ol>\n","\n","</div>\n","\n","<hr>\n"]},{"cell_type":"markdown","metadata":{"id":"e9f2ae84-b3d8-4696-aac5-201aee93a4ff"},"source":["<h3>What are the main characteristics that have the most impact on the car price?</h3>\n"]},{"cell_type":"markdown","metadata":{"id":"91954dcf-5fae-4532-9cee-f5dc2fd26638"},"source":["<h2 id=\"import_data\">1. Import Data from Part 1</h2>\n"]},{"cell_type":"markdown","metadata":{"id":"cc394b67-1756-4999-80d7-567c3135ee4c"},"source":["<h4>Setup</h4>\n"]},{"cell_type":"markdown","metadata":{"id":"cf284640-0aed-4f72-b0d4-03d75973ff5b"},"source":["Import libraries:\n"]},{"cell_type":"code","execution_count":1,"metadata":{"id":"853c58ab-4e06-4c21-b03b-ae91c2d222a5","executionInfo":{"status":"ok","timestamp":1744835964346,"user_tz":300,"elapsed":2482,"user":{"displayName":"Ndongesit Bassey","userId":"14050875071907770677"}}},"outputs":[],"source":["import pandas as pd\n","import numpy as np"]},{"cell_type":"markdown","metadata":{"id":"738ad24f-3bf4-4aa0-8263-44895f1b7c70"},"source":["Load the data and store it in dataframe `df`:\n"]},{"cell_type":"markdown","metadata":{"id":"c3df21ae-c7b7-4ce3-883d-ab35b02ef0a7"},"source":["This dataset was hosted on IBM Cloud object. Click <a href=\"https://cocl.us/DA101EN_object_storage\">HERE</a> for free storage.\n"]},{"cell_type":"code","execution_count":2,"metadata":{"colab":{"base_uri":"https://localhost:8080/","height":342},"id":"2ded06fc-b78e-4ab2-9534-976269942564","executionInfo":{"status":"ok","timestamp":1744837946135,"user_tz":300,"elapsed":303,"user":{"displayName":"Ndongesit Bassey","userId":"14050875071907770677"}},"outputId":"f6b01d2c-2251-4c6d-f355-28e5d2e64e08"},"outputs":[{"output_type":"execute_result","data":{"text/plain":["   symboling  normalized-losses         make aspiration num-of-doors  \\\n","0          3                122  alfa-romero        std          two   \n","1          3                122  alfa-romero        std          two   \n","2          1                122  alfa-romero        std          two   \n","3          2                164         audi        std         four   \n","4          2                164         audi        std         four   \n","\n","    body-style drive-wheels engine-location  wheel-base    length  ...  \\\n","0  convertible          rwd           front        88.6  0.811148  ...   \n","1  convertible          rwd           front        88.6  0.811148  ...   \n","2    hatchback          rwd           front        94.5  0.822681  ...   \n","3        sedan          fwd           front        99.8  0.848630  ...   \n","4        sedan          4wd           front        99.4  0.848630  ...   \n","\n","   compression-ratio  horsepower  peak-rpm city-mpg highway-mpg    price  \\\n","0                9.0       111.0    5000.0       21          27  13495.0   \n","1                9.0       111.0    5000.0       21          27  16500.0   \n","2                9.0       154.0    5000.0       19          26  16500.0   \n","3               10.0       102.0    5500.0       24          30  13950.0   \n","4                8.0       115.0    5500.0       18          22  17450.0   \n","\n","  city-L/100km  horsepower-binned  diesel  gas  \n","0    11.190476             Medium       0    1  \n","1    11.190476             Medium       0    1  \n","2    12.368421             Medium       0    1  \n","3     9.791667             Medium       0    1  \n","4    13.055556             Medium       0    1  \n","\n","[5 rows x 29 columns]"],"text/html":["\n","  <div id=\"df-b55efb00-dc84-420c-80f6-5db919e15a02\" class=\"colab-df-container\">\n","    <div>\n","<style scoped>\n","    .dataframe tbody tr th:only-of-type {\n","        vertical-align: middle;\n","    }\n","\n","    .dataframe tbody tr th {\n","        vertical-align: top;\n","    }\n","\n","    .dataframe thead th {\n","        text-align: right;\n","    }\n","</style>\n","<table border=\"1\" class=\"dataframe\">\n","  <thead>\n","    <tr style=\"text-align: right;\">\n","      <th></th>\n","      <th>symboling</th>\n","      <th>normalized-losses</th>\n","      <th>make</th>\n","      <th>aspiration</th>\n","      <th>num-of-doors</th>\n","      <th>body-style</th>\n","      <th>drive-wheels</th>\n","      <th>engine-location</th>\n","      <th>wheel-base</th>\n","      <th>length</th>\n","      <th>...</th>\n","      <th>compression-ratio</th>\n","      <th>horsepower</th>\n","      <th>peak-rpm</th>\n","      <th>city-mpg</th>\n","      <th>highway-mpg</th>\n","      <th>price</th>\n","      <th>city-L/100km</th>\n","      <th>horsepower-binned</th>\n","      <th>diesel</th>\n","      <th>gas</th>\n","    </tr>\n","  </thead>\n","  <tbody>\n","    <tr>\n","      <th>0</th>\n","      <td>3</td>\n","      <td>122</td>\n","      <td>alfa-romero</td>\n","      <td>std</td>\n","      <td>two</td>\n","      <td>convertible</td>\n","      <td>rwd</td>\n","      <td>front</td>\n","      <td>88.6</td>\n","      <td>0.811148</td>\n","      <td>...</td>\n","      <td>9.0</td>\n","      <td>111.0</td>\n","      <td>5000.0</td>\n","      <td>21</td>\n","      <td>27</td>\n","      <td>13495.0</td>\n","      <td>11.190476</td>\n","      <td>Medium</td>\n","      <td>0</td>\n","      <td>1</td>\n","    </tr>\n","    <tr>\n","      <th>1</th>\n","      <td>3</td>\n","      <td>122</td>\n","      <td>alfa-romero</td>\n","      <td>std</td>\n","      <td>two</td>\n","      <td>convertible</td>\n","      <td>rwd</td>\n","      <td>front</td>\n","      <td>88.6</td>\n","      <td>0.811148</td>\n","      <td>...</td>\n","      <td>9.0</td>\n","      <td>111.0</td>\n","      <td>5000.0</td>\n","      <td>21</td>\n","      <td>27</td>\n","      <td>16500.0</td>\n","      <td>11.190476</td>\n","      <td>Medium</td>\n","      <td>0</td>\n","      <td>1</td>\n","    </tr>\n","    <tr>\n","      <th>2</th>\n","      <td>1</td>\n","      <td>122</td>\n","      <td>alfa-romero</td>\n","      <td>std</td>\n","      <td>two</td>\n","      <td>hatchback</td>\n","      <td>rwd</td>\n","      <td>front</td>\n","      <td>94.5</td>\n","      <td>0.822681</td>\n","      <td>...</td>\n","      <td>9.0</td>\n","      <td>154.0</td>\n","      <td>5000.0</td>\n","      <td>19</td>\n","      <td>26</td>\n","      <td>16500.0</td>\n","      <td>12.368421</td>\n","      <td>Medium</td>\n","      <td>0</td>\n","      <td>1</td>\n","    </tr>\n","    <tr>\n","      <th>3</th>\n","      <td>2</td>\n","      <td>164</td>\n","      <td>audi</td>\n","      <td>std</td>\n","      <td>four</td>\n","      <td>sedan</td>\n","      <td>fwd</td>\n","      <td>front</td>\n","      <td>99.8</td>\n","      <td>0.848630</td>\n","      <td>...</td>\n","      <td>10.0</td>\n","      <td>102.0</td>\n","      <td>5500.0</td>\n","      <td>24</td>\n","      <td>30</td>\n","      <td>13950.0</td>\n","      <td>9.791667</td>\n","      <td>Medium</td>\n","      <td>0</td>\n","      <td>1</td>\n","    </tr>\n","    <tr>\n","      <th>4</th>\n","      <td>2</td>\n","      <td>164</td>\n","      <td>audi</td>\n","      <td>std</td>\n","      <td>four</td>\n","      <td>sedan</td>\n","      <td>4wd</td>\n","      <td>front</td>\n","      <td>99.4</td>\n","      <td>0.848630</td>\n","      <td>...</td>\n","      <td>8.0</td>\n","      <td>115.0</td>\n","      <td>5500.0</td>\n","      <td>18</td>\n","      <td>22</td>\n","      <td>17450.0</td>\n","      <td>13.055556</td>\n","      <td>Medium</td>\n","      <td>0</td>\n","      <td>1</td>\n","    </tr>\n","  </tbody>\n","</table>\n","<p>5 rows × 29 columns</p>\n","</div>\n","    <div class=\"colab-df-buttons\">\n","\n","  <div class=\"colab-df-container\">\n","    <button class=\"colab-df-convert\" onclick=\"convertToInteractive('df-b55efb00-dc84-420c-80f6-5db919e15a02')\"\n","            title=\"Convert this dataframe to an interactive table.\"\n","            style=\"display:none;\">\n","\n","  <svg xmlns=\"http://www.w3.org/2000/svg\" height=\"24px\" viewBox=\"0 -960 960 960\">\n","    <path d=\"M120-120v-720h720v720H120Zm60-500h600v-160H180v160Zm220 220h160v-160H400v160Zm0 220h160v-160H400v160ZM180-400h160v-160H180v160Zm440 0h160v-160H620v160ZM180-180h160v-160H180v160Zm440 0h160v-160H620v160Z\"/>\n","  </svg>\n","    </button>\n","\n","  <style>\n","    .colab-df-container {\n","      display:flex;\n","      gap: 12px;\n","    }\n","\n","    .colab-df-convert {\n","      background-color: #E8F0FE;\n","      border: none;\n","      border-radius: 50%;\n","      cursor: pointer;\n","      display: none;\n","      fill: #1967D2;\n","      height: 32px;\n","      padding: 0 0 0 0;\n","      width: 32px;\n","    }\n","\n","    .colab-df-convert:hover {\n","      background-color: #E2EBFA;\n","      box-shadow: 0px 1px 2px rgba(60, 64, 67, 0.3), 0px 1px 3px 1px rgba(60, 64, 67, 0.15);\n","      fill: #174EA6;\n","    }\n","\n","    .colab-df-buttons div {\n","      margin-bottom: 4px;\n","    }\n","\n","    [theme=dark] .colab-df-convert {\n","      background-color: #3B4455;\n","      fill: #D2E3FC;\n","    }\n","\n","    [theme=dark] .colab-df-convert:hover {\n","      background-color: #434B5C;\n","      box-shadow: 0px 1px 3px 1px rgba(0, 0, 0, 0.15);\n","      filter: drop-shadow(0px 1px 2px rgba(0, 0, 0, 0.3));\n","      fill: #FFFFFF;\n","    }\n","  </style>\n","\n","    <script>\n","      const buttonEl =\n","        document.querySelector('#df-b55efb00-dc84-420c-80f6-5db919e15a02 button.colab-df-convert');\n","      buttonEl.style.display =\n","        google.colab.kernel.accessAllowed ? 'block' : 'none';\n","\n","      async function convertToInteractive(key) {\n","        const element = document.querySelector('#df-b55efb00-dc84-420c-80f6-5db919e15a02');\n","        const dataTable =\n","          await google.colab.kernel.invokeFunction('convertToInteractive',\n","                                                    [key], {});\n","        if (!dataTable) return;\n","\n","        const docLinkHtml = 'Like what you see? Visit the ' +\n","          '<a target=\"_blank\" href=https://colab.research.google.com/notebooks/data_table.ipynb>data table notebook</a>'\n","          + ' to learn more about interactive tables.';\n","        element.innerHTML = '';\n","        dataTable['output_type'] = 'display_data';\n","        await google.colab.output.renderOutput(dataTable, element);\n","        const docLink = document.createElement('div');\n","        docLink.innerHTML = docLinkHtml;\n","        element.appendChild(docLink);\n","      }\n","    </script>\n","  </div>\n","\n","\n","<div id=\"df-29d681e6-108c-4000-b838-914ff8530d6b\">\n","  <button class=\"colab-df-quickchart\" onclick=\"quickchart('df-29d681e6-108c-4000-b838-914ff8530d6b')\"\n","            title=\"Suggest charts\"\n","            style=\"display:none;\">\n","\n","<svg xmlns=\"http://www.w3.org/2000/svg\" height=\"24px\"viewBox=\"0 0 24 24\"\n","     width=\"24px\">\n","    <g>\n","        <path d=\"M19 3H5c-1.1 0-2 .9-2 2v14c0 1.1.9 2 2 2h14c1.1 0 2-.9 2-2V5c0-1.1-.9-2-2-2zM9 17H7v-7h2v7zm4 0h-2V7h2v10zm4 0h-2v-4h2v4z\"/>\n","    </g>\n","</svg>\n","  </button>\n","\n","<style>\n","  .colab-df-quickchart {\n","      --bg-color: #E8F0FE;\n","      --fill-color: #1967D2;\n","      --hover-bg-color: #E2EBFA;\n","      --hover-fill-color: #174EA6;\n","      --disabled-fill-color: #AAA;\n","      --disabled-bg-color: #DDD;\n","  }\n","\n","  [theme=dark] .colab-df-quickchart {\n","      --bg-color: #3B4455;\n","      --fill-color: #D2E3FC;\n","      --hover-bg-color: #434B5C;\n","      --hover-fill-color: #FFFFFF;\n","      --disabled-bg-color: #3B4455;\n","      --disabled-fill-color: #666;\n","  }\n","\n","  .colab-df-quickchart {\n","    background-color: var(--bg-color);\n","    border: none;\n","    border-radius: 50%;\n","    cursor: pointer;\n","    display: none;\n","    fill: var(--fill-color);\n","    height: 32px;\n","    padding: 0;\n","    width: 32px;\n","  }\n","\n","  .colab-df-quickchart:hover {\n","    background-color: var(--hover-bg-color);\n","    box-shadow: 0 1px 2px rgba(60, 64, 67, 0.3), 0 1px 3px 1px rgba(60, 64, 67, 0.15);\n","    fill: var(--button-hover-fill-color);\n","  }\n","\n","  .colab-df-quickchart-complete:disabled,\n","  .colab-df-quickchart-complete:disabled:hover {\n","    background-color: var(--disabled-bg-color);\n","    fill: var(--disabled-fill-color);\n","    box-shadow: none;\n","  }\n","\n","  .colab-df-spinner {\n","    border: 2px solid var(--fill-color);\n","    border-color: transparent;\n","    border-bottom-color: var(--fill-color);\n","    animation:\n","      spin 1s steps(1) infinite;\n","  }\n","\n","  @keyframes spin {\n","    0% {\n","      border-color: transparent;\n","      border-bottom-color: var(--fill-color);\n","      border-left-color: var(--fill-color);\n","    }\n","    20% {\n","      border-color: transparent;\n","      border-left-color: var(--fill-color);\n","      border-top-color: var(--fill-color);\n","    }\n","    30% {\n","      border-color: transparent;\n","      border-left-color: var(--fill-color);\n","      border-top-color: var(--fill-color);\n","      border-right-color: var(--fill-color);\n","    }\n","    40% {\n","      border-color: transparent;\n","      border-right-color: var(--fill-color);\n","      border-top-color: var(--fill-color);\n","    }\n","    60% {\n","      border-color: transparent;\n","      border-right-color: var(--fill-color);\n","    }\n","    80% {\n","      border-color: transparent;\n","      border-right-color: var(--fill-color);\n","      border-bottom-color: var(--fill-color);\n","    }\n","    90% {\n","      border-color: transparent;\n","      border-bottom-color: var(--fill-color);\n","    }\n","  }\n","</style>\n","\n","  <script>\n","    async function quickchart(key) {\n","      const quickchartButtonEl =\n","        document.querySelector('#' + key + ' button');\n","      quickchartButtonEl.disabled = true;  // To prevent multiple clicks.\n","      quickchartButtonEl.classList.add('colab-df-spinner');\n","      try {\n","        const charts = await google.colab.kernel.invokeFunction(\n","            'suggestCharts', [key], {});\n","      } catch (error) {\n","        console.error('Error during call to suggestCharts:', error);\n","      }\n","      quickchartButtonEl.classList.remove('colab-df-spinner');\n","      quickchartButtonEl.classList.add('colab-df-quickchart-complete');\n","    }\n","    (() => {\n","      let quickchartButtonEl =\n","        document.querySelector('#df-29d681e6-108c-4000-b838-914ff8530d6b button');\n","      quickchartButtonEl.style.display =\n","        google.colab.kernel.accessAllowed ? 'block' : 'none';\n","    })();\n","  </script>\n","</div>\n","\n","    </div>\n","  </div>\n"],"application/vnd.google.colaboratory.intrinsic+json":{"type":"dataframe","variable_name":"df"}},"metadata":{},"execution_count":2}],"source":["path='https://raw.githubusercontent.com/klamsal/Fall2024Exam/refs/heads/main/CleanedAutomobile.csv'\n","df = pd.read_csv(path)\n","df.head()"]},{"cell_type":"markdown","metadata":{"id":"52440616-9b24-4ed0-ad93-d7d9bffc5f57"},"source":["<h2 id=\"pattern_visualization\">2. Analyzing Individual Feature Patterns Using Visualization</h2>\n"]},{"cell_type":"markdown","metadata":{"id":"81a009cc-b56c-4220-9eea-22d35571fd9d"},"source":["To install Seaborn we use pip, the Python package manager.\n"]},{"cell_type":"markdown","metadata":{"id":"91a4d224-93d5-4a63-bda3-d0beaacc60b0"},"source":["Import visualization packages \"Matplotlib\" and \"Seaborn\". Don't forget about \"%matplotlib inline\" to plot in a Jupyter notebook.\n"]},{"cell_type":"code","execution_count":3,"metadata":{"id":"b5034b28-282d-48a8-963e-f99de5a4efe0","executionInfo":{"status":"ok","timestamp":1744837961972,"user_tz":300,"elapsed":1327,"user":{"displayName":"Ndongesit Bassey","userId":"14050875071907770677"}}},"outputs":[],"source":["import matplotlib.pyplot as plt\n","import seaborn as sns\n","%matplotlib inline"]},{"cell_type":"markdown","metadata":{"id":"fd33df0a-a332-422e-a253-c3d9d3b31423"},"source":["<h4>How to choose the right visualization method?</h4>\n","<p>When visualizing individual variables, it is important to first understand what type of variable you are dealing with. This will help us find the right visualization method for that variable.</p>\n"]},{"cell_type":"code","execution_count":4,"metadata":{"colab":{"base_uri":"https://localhost:8080/"},"id":"bca2f808-48ac-4d56-9105-7051f1dcb663","executionInfo":{"status":"ok","timestamp":1744837971521,"user_tz":300,"elapsed":188,"user":{"displayName":"Ndongesit Bassey","userId":"14050875071907770677"}},"outputId":"028d0f13-c41b-46c1-e946-cafab03dc236"},"outputs":[{"output_type":"stream","name":"stdout","text":["symboling              int64\n","normalized-losses      int64\n","make                  object\n","aspiration            object\n","num-of-doors          object\n","body-style            object\n","drive-wheels          object\n","engine-location       object\n","wheel-base           float64\n","length               float64\n","width                float64\n","height               float64\n","curb-weight            int64\n","engine-type           object\n","num-of-cylinders      object\n","engine-size            int64\n","fuel-system           object\n","bore                 float64\n","stroke               float64\n","compression-ratio    float64\n","horsepower           float64\n","peak-rpm             float64\n","city-mpg               int64\n","highway-mpg            int64\n","price                float64\n","city-L/100km         float64\n","horsepower-binned     object\n","diesel                 int64\n","gas                    int64\n","dtype: object\n"]}],"source":["# list the data types for each column\n","print(df.dtypes)"]},{"cell_type":"markdown","metadata":{"id":"c8d7c216-2cb5-4bc3-b47c-e30844abd19d"},"source":["<div class=\"alert alert-danger alertdanger\" style=\"margin-top: 20px\">\n","<h3>Question  #1:</h3>\n","\n","<b>What is the data type of the column \"peak-rpm\"? </b>\n","</div>\n"]},{"cell_type":"code","execution_count":5,"metadata":{"colab":{"base_uri":"https://localhost:8080/"},"id":"db3a66e1-9a1a-4a89-bd22-da3e8a704cd8","executionInfo":{"status":"ok","timestamp":1744838299069,"user_tz":300,"elapsed":16,"user":{"displayName":"Ndongesit Bassey","userId":"14050875071907770677"}},"outputId":"0e9bd166-b928-41ee-8e8f-a192cdcfa363"},"outputs":[{"output_type":"execute_result","data":{"text/plain":["dtype('float64')"]},"metadata":{},"execution_count":5}],"source":["# Write your code below and press Shift+Enter to execute\n","df['peak-rpm'].dtype"]},{"cell_type":"markdown","metadata":{"id":"481820dc-a786-4330-b5c8-08bdb84cb034"},"source":["For example, we can calculate the correlation between variables  of type \"int64\" or \"float64\" using the method \"corr\":\n"]},{"cell_type":"code","execution_count":7,"metadata":{"id":"5d2ba248-0c23-484f-9356-91ef30125041","executionInfo":{"status":"ok","timestamp":1744838628601,"user_tz":300,"elapsed":10,"user":{"displayName":"Ndongesit Bassey","userId":"14050875071907770677"}}},"outputs":[],"source":["numeric_df = df.select_dtypes(include=['int64', 'float64'])\n","correlation_matrix = numeric_df.corr()"]},{"cell_type":"code","source":["numeric_df.corr()"],"metadata":{"colab":{"base_uri":"https://localhost:8080/","height":717},"id":"0aa0KZIRfQCc","executionInfo":{"status":"ok","timestamp":1744838667510,"user_tz":300,"elapsed":79,"user":{"displayName":"Ndongesit Bassey","userId":"14050875071907770677"}},"outputId":"f79cc98b-da03-42c5-c40a-95d14a7accea"},"execution_count":8,"outputs":[{"output_type":"execute_result","data":{"text/plain":["                   symboling  normalized-losses  wheel-base    length  \\\n","symboling           1.000000           0.466264   -0.535987 -0.365404   \n","normalized-losses   0.466264           1.000000   -0.056661  0.019424   \n","wheel-base         -0.535987          -0.056661    1.000000  0.876024   \n","length             -0.365404           0.019424    0.876024  1.000000   \n","width              -0.242423           0.086802    0.814507  0.857170   \n","height             -0.550160          -0.373737    0.590742  0.492063   \n","curb-weight        -0.233118           0.099404    0.782097  0.880665   \n","engine-size        -0.110581           0.112360    0.572027  0.685025   \n","bore               -0.140019          -0.029862    0.493244  0.608971   \n","stroke             -0.008245           0.055563    0.158502  0.124139   \n","compression-ratio  -0.182196          -0.114713    0.250313  0.159733   \n","horsepower          0.075819           0.217299    0.371147  0.579821   \n","peak-rpm            0.279740           0.239543   -0.360305 -0.285970   \n","city-mpg           -0.035527          -0.225016   -0.470606 -0.665192   \n","highway-mpg         0.036233          -0.181877   -0.543304 -0.698142   \n","price              -0.082391           0.133999    0.584642  0.690628   \n","city-L/100km        0.066171           0.238567    0.476153  0.657373   \n","diesel             -0.196735          -0.101546    0.307237  0.211187   \n","gas                 0.196735           0.101546   -0.307237 -0.211187   \n","\n","                      width    height  curb-weight  engine-size      bore  \\\n","symboling         -0.242423 -0.550160    -0.233118    -0.110581 -0.140019   \n","normalized-losses  0.086802 -0.373737     0.099404     0.112360 -0.029862   \n","wheel-base         0.814507  0.590742     0.782097     0.572027  0.493244   \n","length             0.857170  0.492063     0.880665     0.685025  0.608971   \n","width              1.000000  0.306002     0.866201     0.729436  0.544885   \n","height             0.306002  1.000000     0.307581     0.074694  0.180449   \n","curb-weight        0.866201  0.307581     1.000000     0.849072  0.644060   \n","engine-size        0.729436  0.074694     0.849072     1.000000  0.572609   \n","bore               0.544885  0.180449     0.644060     0.572609  1.000000   \n","stroke             0.188829 -0.062704     0.167562     0.209523 -0.055390   \n","compression-ratio  0.189867  0.259737     0.156433     0.028889  0.001263   \n","horsepower         0.615077 -0.087027     0.757976     0.822676  0.566936   \n","peak-rpm          -0.245800 -0.309974    -0.279361    -0.256733 -0.267392   \n","city-mpg          -0.633531 -0.049800    -0.749543    -0.650546 -0.582027   \n","highway-mpg       -0.680635 -0.104812    -0.794889    -0.679571 -0.591309   \n","price              0.751265  0.135486     0.834415     0.872335  0.543155   \n","city-L/100km       0.673363  0.003811     0.785353     0.745059  0.554610   \n","diesel             0.244356  0.281578     0.221046     0.070779  0.054458   \n","gas               -0.244356 -0.281578    -0.221046    -0.070779 -0.054458   \n","\n","                     stroke  compression-ratio  horsepower  peak-rpm  \\\n","symboling         -0.008245          -0.182196    0.075819  0.279740   \n","normalized-losses  0.055563          -0.114713    0.217299  0.239543   \n","wheel-base         0.158502           0.250313    0.371147 -0.360305   \n","length             0.124139           0.159733    0.579821 -0.285970   \n","width              0.188829           0.189867    0.615077 -0.245800   \n","height            -0.062704           0.259737   -0.087027 -0.309974   \n","curb-weight        0.167562           0.156433    0.757976 -0.279361   \n","engine-size        0.209523           0.028889    0.822676 -0.256733   \n","bore              -0.055390           0.001263    0.566936 -0.267392   \n","stroke             1.000000           0.187923    0.098462 -0.065713   \n","compression-ratio  0.187923           1.000000   -0.214514 -0.435780   \n","horsepower         0.098462          -0.214514    1.000000  0.107885   \n","peak-rpm          -0.065713          -0.435780    0.107885  1.000000   \n","city-mpg          -0.034696           0.331425   -0.822214 -0.115413   \n","highway-mpg       -0.035201           0.268465   -0.804575 -0.058598   \n","price              0.082310           0.071107    0.809575 -0.101616   \n","city-L/100km       0.037300          -0.299372    0.889488  0.115830   \n","diesel             0.241303           0.985231   -0.169053 -0.475812   \n","gas               -0.241303          -0.985231    0.169053  0.475812   \n","\n","                   city-mpg  highway-mpg     price  city-L/100km    diesel  \\\n","symboling         -0.035527     0.036233 -0.082391      0.066171 -0.196735   \n","normalized-losses -0.225016    -0.181877  0.133999      0.238567 -0.101546   \n","wheel-base        -0.470606    -0.543304  0.584642      0.476153  0.307237   \n","length            -0.665192    -0.698142  0.690628      0.657373  0.211187   \n","width             -0.633531    -0.680635  0.751265      0.673363  0.244356   \n","height            -0.049800    -0.104812  0.135486      0.003811  0.281578   \n","curb-weight       -0.749543    -0.794889  0.834415      0.785353  0.221046   \n","engine-size       -0.650546    -0.679571  0.872335      0.745059  0.070779   \n","bore              -0.582027    -0.591309  0.543155      0.554610  0.054458   \n","stroke            -0.034696    -0.035201  0.082310      0.037300  0.241303   \n","compression-ratio  0.331425     0.268465  0.071107     -0.299372  0.985231   \n","horsepower        -0.822214    -0.804575  0.809575      0.889488 -0.169053   \n","peak-rpm          -0.115413    -0.058598 -0.101616      0.115830 -0.475812   \n","city-mpg           1.000000     0.972044 -0.686571     -0.949713  0.265676   \n","highway-mpg        0.972044     1.000000 -0.704692     -0.930028  0.198690   \n","price             -0.686571    -0.704692  1.000000      0.789898  0.110326   \n","city-L/100km      -0.949713    -0.930028  0.789898      1.000000 -0.241282   \n","diesel             0.265676     0.198690  0.110326     -0.241282  1.000000   \n","gas               -0.265676    -0.198690 -0.110326      0.241282 -1.000000   \n","\n","                        gas  \n","symboling          0.196735  \n","normalized-losses  0.101546  \n","wheel-base        -0.307237  \n","length            -0.211187  \n","width             -0.244356  \n","height            -0.281578  \n","curb-weight       -0.221046  \n","engine-size       -0.070779  \n","bore              -0.054458  \n","stroke            -0.241303  \n","compression-ratio -0.985231  \n","horsepower         0.169053  \n","peak-rpm           0.475812  \n","city-mpg          -0.265676  \n","highway-mpg       -0.198690  \n","price             -0.110326  \n","city-L/100km       0.241282  \n","diesel            -1.000000  \n","gas                1.000000  "],"text/html":["\n","  <div id=\"df-a675ec31-5922-464f-91cf-32b0f5273358\" class=\"colab-df-container\">\n","    <div>\n","<style scoped>\n","    .dataframe tbody tr th:only-of-type {\n","        vertical-align: middle;\n","    }\n","\n","    .dataframe tbody tr th {\n","        vertical-align: top;\n","    }\n","\n","    .dataframe thead th {\n","        text-align: right;\n","    }\n","</style>\n","<table border=\"1\" class=\"dataframe\">\n","  <thead>\n","    <tr style=\"text-align: right;\">\n","      <th></th>\n","      <th>symboling</th>\n","      <th>normalized-losses</th>\n","      <th>wheel-base</th>\n","      <th>length</th>\n","      <th>width</th>\n","      <th>height</th>\n","      <th>curb-weight</th>\n","      <th>engine-size</th>\n","      <th>bore</th>\n","      <th>stroke</th>\n","      <th>compression-ratio</th>\n","      <th>horsepower</th>\n","      <th>peak-rpm</th>\n","      <th>city-mpg</th>\n","      <th>highway-mpg</th>\n","      <th>price</th>\n","      <th>city-L/100km</th>\n","      <th>diesel</th>\n","      <th>gas</th>\n","    </tr>\n","  </thead>\n","  <tbody>\n","    <tr>\n","      <th>symboling</th>\n","      <td>1.000000</td>\n","      <td>0.466264</td>\n","      <td>-0.535987</td>\n","      <td>-0.365404</td>\n","      <td>-0.242423</td>\n","      <td>-0.550160</td>\n","      <td>-0.233118</td>\n","      <td>-0.110581</td>\n","      <td>-0.140019</td>\n","      <td>-0.008245</td>\n","      <td>-0.182196</td>\n","      <td>0.075819</td>\n","      <td>0.279740</td>\n","      <td>-0.035527</td>\n","      <td>0.036233</td>\n","      <td>-0.082391</td>\n","      <td>0.066171</td>\n","      <td>-0.196735</td>\n","      <td>0.196735</td>\n","    </tr>\n","    <tr>\n","      <th>normalized-losses</th>\n","      <td>0.466264</td>\n","      <td>1.000000</td>\n","      <td>-0.056661</td>\n","      <td>0.019424</td>\n","      <td>0.086802</td>\n","      <td>-0.373737</td>\n","      <td>0.099404</td>\n","      <td>0.112360</td>\n","      <td>-0.029862</td>\n","      <td>0.055563</td>\n","      <td>-0.114713</td>\n","      <td>0.217299</td>\n","      <td>0.239543</td>\n","      <td>-0.225016</td>\n","      <td>-0.181877</td>\n","      <td>0.133999</td>\n","      <td>0.238567</td>\n","      <td>-0.101546</td>\n","      <td>0.101546</td>\n","    </tr>\n","    <tr>\n","      <th>wheel-base</th>\n","      <td>-0.535987</td>\n","      <td>-0.056661</td>\n","      <td>1.000000</td>\n","      <td>0.876024</td>\n","      <td>0.814507</td>\n","      <td>0.590742</td>\n","      <td>0.782097</td>\n","      <td>0.572027</td>\n","      <td>0.493244</td>\n","      <td>0.158502</td>\n","      <td>0.250313</td>\n","      <td>0.371147</td>\n","      <td>-0.360305</td>\n","      <td>-0.470606</td>\n","      <td>-0.543304</td>\n","      <td>0.584642</td>\n","      <td>0.476153</td>\n","      <td>0.307237</td>\n","      <td>-0.307237</td>\n","    </tr>\n","    <tr>\n","      <th>length</th>\n","      <td>-0.365404</td>\n","      <td>0.019424</td>\n","      <td>0.876024</td>\n","      <td>1.000000</td>\n","      <td>0.857170</td>\n","      <td>0.492063</td>\n","      <td>0.880665</td>\n","      <td>0.685025</td>\n","      <td>0.608971</td>\n","      <td>0.124139</td>\n","      <td>0.159733</td>\n","      <td>0.579821</td>\n","      <td>-0.285970</td>\n","      <td>-0.665192</td>\n","      <td>-0.698142</td>\n","      <td>0.690628</td>\n","      <td>0.657373</td>\n","      <td>0.211187</td>\n","      <td>-0.211187</td>\n","    </tr>\n","    <tr>\n","      <th>width</th>\n","      <td>-0.242423</td>\n","      <td>0.086802</td>\n","      <td>0.814507</td>\n","      <td>0.857170</td>\n","      <td>1.000000</td>\n","      <td>0.306002</td>\n","      <td>0.866201</td>\n","      <td>0.729436</td>\n","      <td>0.544885</td>\n","      <td>0.188829</td>\n","      <td>0.189867</td>\n","      <td>0.615077</td>\n","      <td>-0.245800</td>\n","      <td>-0.633531</td>\n","      <td>-0.680635</td>\n","      <td>0.751265</td>\n","      <td>0.673363</td>\n","      <td>0.244356</td>\n","      <td>-0.244356</td>\n","    </tr>\n","    <tr>\n","      <th>height</th>\n","      <td>-0.550160</td>\n","      <td>-0.373737</td>\n","      <td>0.590742</td>\n","      <td>0.492063</td>\n","      <td>0.306002</td>\n","      <td>1.000000</td>\n","      <td>0.307581</td>\n","      <td>0.074694</td>\n","      <td>0.180449</td>\n","      <td>-0.062704</td>\n","      <td>0.259737</td>\n","      <td>-0.087027</td>\n","      <td>-0.309974</td>\n","      <td>-0.049800</td>\n","      <td>-0.104812</td>\n","      <td>0.135486</td>\n","      <td>0.003811</td>\n","      <td>0.281578</td>\n","      <td>-0.281578</td>\n","    </tr>\n","    <tr>\n","      <th>curb-weight</th>\n","      <td>-0.233118</td>\n","      <td>0.099404</td>\n","      <td>0.782097</td>\n","      <td>0.880665</td>\n","      <td>0.866201</td>\n","      <td>0.307581</td>\n","      <td>1.000000</td>\n","      <td>0.849072</td>\n","      <td>0.644060</td>\n","      <td>0.167562</td>\n","      <td>0.156433</td>\n","      <td>0.757976</td>\n","      <td>-0.279361</td>\n","      <td>-0.749543</td>\n","      <td>-0.794889</td>\n","      <td>0.834415</td>\n","      <td>0.785353</td>\n","      <td>0.221046</td>\n","      <td>-0.221046</td>\n","    </tr>\n","    <tr>\n","      <th>engine-size</th>\n","      <td>-0.110581</td>\n","      <td>0.112360</td>\n","      <td>0.572027</td>\n","      <td>0.685025</td>\n","      <td>0.729436</td>\n","      <td>0.074694</td>\n","      <td>0.849072</td>\n","      <td>1.000000</td>\n","      <td>0.572609</td>\n","      <td>0.209523</td>\n","      <td>0.028889</td>\n","      <td>0.822676</td>\n","      <td>-0.256733</td>\n","      <td>-0.650546</td>\n","      <td>-0.679571</td>\n","      <td>0.872335</td>\n","      <td>0.745059</td>\n","      <td>0.070779</td>\n","      <td>-0.070779</td>\n","    </tr>\n","    <tr>\n","      <th>bore</th>\n","      <td>-0.140019</td>\n","      <td>-0.029862</td>\n","      <td>0.493244</td>\n","      <td>0.608971</td>\n","      <td>0.544885</td>\n","      <td>0.180449</td>\n","      <td>0.644060</td>\n","      <td>0.572609</td>\n","      <td>1.000000</td>\n","      <td>-0.055390</td>\n","      <td>0.001263</td>\n","      <td>0.566936</td>\n","      <td>-0.267392</td>\n","      <td>-0.582027</td>\n","      <td>-0.591309</td>\n","      <td>0.543155</td>\n","      <td>0.554610</td>\n","      <td>0.054458</td>\n","      <td>-0.054458</td>\n","    </tr>\n","    <tr>\n","      <th>stroke</th>\n","      <td>-0.008245</td>\n","      <td>0.055563</td>\n","      <td>0.158502</td>\n","      <td>0.124139</td>\n","      <td>0.188829</td>\n","      <td>-0.062704</td>\n","      <td>0.167562</td>\n","      <td>0.209523</td>\n","      <td>-0.055390</td>\n","      <td>1.000000</td>\n","      <td>0.187923</td>\n","      <td>0.098462</td>\n","      <td>-0.065713</td>\n","      <td>-0.034696</td>\n","      <td>-0.035201</td>\n","      <td>0.082310</td>\n","      <td>0.037300</td>\n","      <td>0.241303</td>\n","      <td>-0.241303</td>\n","    </tr>\n","    <tr>\n","      <th>compression-ratio</th>\n","      <td>-0.182196</td>\n","      <td>-0.114713</td>\n","      <td>0.250313</td>\n","      <td>0.159733</td>\n","      <td>0.189867</td>\n","      <td>0.259737</td>\n","      <td>0.156433</td>\n","      <td>0.028889</td>\n","      <td>0.001263</td>\n","      <td>0.187923</td>\n","      <td>1.000000</td>\n","      <td>-0.214514</td>\n","      <td>-0.435780</td>\n","      <td>0.331425</td>\n","      <td>0.268465</td>\n","      <td>0.071107</td>\n","      <td>-0.299372</td>\n","      <td>0.985231</td>\n","      <td>-0.985231</td>\n","    </tr>\n","    <tr>\n","      <th>horsepower</th>\n","      <td>0.075819</td>\n","      <td>0.217299</td>\n","      <td>0.371147</td>\n","      <td>0.579821</td>\n","      <td>0.615077</td>\n","      <td>-0.087027</td>\n","      <td>0.757976</td>\n","      <td>0.822676</td>\n","      <td>0.566936</td>\n","      <td>0.098462</td>\n","      <td>-0.214514</td>\n","      <td>1.000000</td>\n","      <td>0.107885</td>\n","      <td>-0.822214</td>\n","      <td>-0.804575</td>\n","      <td>0.809575</td>\n","      <td>0.889488</td>\n","      <td>-0.169053</td>\n","      <td>0.169053</td>\n","    </tr>\n","    <tr>\n","      <th>peak-rpm</th>\n","      <td>0.279740</td>\n","      <td>0.239543</td>\n","      <td>-0.360305</td>\n","      <td>-0.285970</td>\n","      <td>-0.245800</td>\n","      <td>-0.309974</td>\n","      <td>-0.279361</td>\n","      <td>-0.256733</td>\n","      <td>-0.267392</td>\n","      <td>-0.065713</td>\n","      <td>-0.435780</td>\n","      <td>0.107885</td>\n","      <td>1.000000</td>\n","      <td>-0.115413</td>\n","      <td>-0.058598</td>\n","      <td>-0.101616</td>\n","      <td>0.115830</td>\n","      <td>-0.475812</td>\n","      <td>0.475812</td>\n","    </tr>\n","    <tr>\n","      <th>city-mpg</th>\n","      <td>-0.035527</td>\n","      <td>-0.225016</td>\n","      <td>-0.470606</td>\n","      <td>-0.665192</td>\n","      <td>-0.633531</td>\n","      <td>-0.049800</td>\n","      <td>-0.749543</td>\n","      <td>-0.650546</td>\n","      <td>-0.582027</td>\n","      <td>-0.034696</td>\n","      <td>0.331425</td>\n","      <td>-0.822214</td>\n","      <td>-0.115413</td>\n","      <td>1.000000</td>\n","      <td>0.972044</td>\n","      <td>-0.686571</td>\n","      <td>-0.949713</td>\n","      <td>0.265676</td>\n","      <td>-0.265676</td>\n","    </tr>\n","    <tr>\n","      <th>highway-mpg</th>\n","      <td>0.036233</td>\n","      <td>-0.181877</td>\n","      <td>-0.543304</td>\n","      <td>-0.698142</td>\n","      <td>-0.680635</td>\n","      <td>-0.104812</td>\n","      <td>-0.794889</td>\n","      <td>-0.679571</td>\n","      <td>-0.591309</td>\n","      <td>-0.035201</td>\n","      <td>0.268465</td>\n","      <td>-0.804575</td>\n","      <td>-0.058598</td>\n","      <td>0.972044</td>\n","      <td>1.000000</td>\n","      <td>-0.704692</td>\n","      <td>-0.930028</td>\n","      <td>0.198690</td>\n","      <td>-0.198690</td>\n","    </tr>\n","    <tr>\n","      <th>price</th>\n","      <td>-0.082391</td>\n","      <td>0.133999</td>\n","      <td>0.584642</td>\n","      <td>0.690628</td>\n","      <td>0.751265</td>\n","      <td>0.135486</td>\n","      <td>0.834415</td>\n","      <td>0.872335</td>\n","      <td>0.543155</td>\n","      <td>0.082310</td>\n","      <td>0.071107</td>\n","      <td>0.809575</td>\n","      <td>-0.101616</td>\n","      <td>-0.686571</td>\n","      <td>-0.704692</td>\n","      <td>1.000000</td>\n","      <td>0.789898</td>\n","      <td>0.110326</td>\n","      <td>-0.110326</td>\n","    </tr>\n","    <tr>\n","      <th>city-L/100km</th>\n","      <td>0.066171</td>\n","      <td>0.238567</td>\n","      <td>0.476153</td>\n","      <td>0.657373</td>\n","      <td>0.673363</td>\n","      <td>0.003811</td>\n","      <td>0.785353</td>\n","      <td>0.745059</td>\n","      <td>0.554610</td>\n","      <td>0.037300</td>\n","      <td>-0.299372</td>\n","      <td>0.889488</td>\n","      <td>0.115830</td>\n","      <td>-0.949713</td>\n","      <td>-0.930028</td>\n","      <td>0.789898</td>\n","      <td>1.000000</td>\n","      <td>-0.241282</td>\n","      <td>0.241282</td>\n","    </tr>\n","    <tr>\n","      <th>diesel</th>\n","      <td>-0.196735</td>\n","      <td>-0.101546</td>\n","      <td>0.307237</td>\n","      <td>0.211187</td>\n","      <td>0.244356</td>\n","      <td>0.281578</td>\n","      <td>0.221046</td>\n","      <td>0.070779</td>\n","      <td>0.054458</td>\n","      <td>0.241303</td>\n","      <td>0.985231</td>\n","      <td>-0.169053</td>\n","      <td>-0.475812</td>\n","      <td>0.265676</td>\n","      <td>0.198690</td>\n","      <td>0.110326</td>\n","      <td>-0.241282</td>\n","      <td>1.000000</td>\n","      <td>-1.000000</td>\n","    </tr>\n","    <tr>\n","      <th>gas</th>\n","      <td>0.196735</td>\n","      <td>0.101546</td>\n","      <td>-0.307237</td>\n","      <td>-0.211187</td>\n","      <td>-0.244356</td>\n","      <td>-0.281578</td>\n","      <td>-0.221046</td>\n","      <td>-0.070779</td>\n","      <td>-0.054458</td>\n","      <td>-0.241303</td>\n","      <td>-0.985231</td>\n","      <td>0.169053</td>\n","      <td>0.475812</td>\n","      <td>-0.265676</td>\n","      <td>-0.198690</td>\n","      <td>-0.110326</td>\n","      <td>0.241282</td>\n","      <td>-1.000000</td>\n","      <td>1.000000</td>\n","    </tr>\n","  </tbody>\n","</table>\n","</div>\n","    <div class=\"colab-df-buttons\">\n","\n","  <div class=\"colab-df-container\">\n","    <button class=\"colab-df-convert\" onclick=\"convertToInteractive('df-a675ec31-5922-464f-91cf-